[UTF8/MIXED]
[main]
Lang=chinese simplified
build=3970
Options=010100111000001001101001111111100000010111110111000000001000000000010011001001104110000000021001011111111300111101010001100100000000000000001040000113111010011101011100111111011100
LSS=781606711
Z5=eJwzMbIwNuPlMjE2MjYEUiZGRqZgysIIRBkbQShjsKCxBZgyMQSqBAABGgjK

[install]
date=43231.8116093287
3970=43231.8116093287

[LiveUpdate]
X=5398

[window]
LTS=0.305989593267441
RTS=0.223529413342476
Left=184
Top=59
Width=1536
Height=864
State=1
TS=0.5
BS=0.5
CS=0.75
THP=960

[SiteManager]
Left=0
Top=0
Width=900
Height=477
State=0

[Graph]
V=0
H=65

[TFrmSiteSel]
Left=775
Top=371
Width=371
Height=316
State=0

[SITE_MRU]
1=44858.602044259310.10.50.253
2=43231.8122946296192.168.1.253
3=192.168.1.253
